accuracy = 97.94328284491276
mcc = 0.9593093050788909
f1_score = 0.9794339929574636
precision = 0.9647802196680982
recall = 0.9943832983248554
accuracy_stderr = 0.18860677502449444
mcc_stderr = 0.0036889578808997287
f1_stderr = 0.0018856386779469508